totalFlow=30000.0
maxCongestion=2.115282608945505
avgSpeed=11.549320771110645
avgTravelTime=0.016837917813923447
avgDelay=0.0006336105690231598
avgDist=193.04132231404958
